OBSERVABLE A_signal_Kpi R_signal_piK_plus R_signal_piK_minus R_signal_KK R_signal_pipi A_signal_KK A_signal_pipi
A_signal_Kpi 1 0.0869504 -0.120945 -0.00442723 -0.00320057 -1.21826e-05 1.04214e-05
R_signal_piK_plus 0.0869504 1 0.047189 0.0177988 0.012773 -2.78685e-05 0.000285995
R_signal_piK_minus -0.120945 0.047189 1 0.0280543 0.0208476 -0.000242381 0.000589188
R_signal_KK -0.00442723 0.0177988 0.0280543 1 0.0533168 0.0305482 0.00210236
R_signal_pipi -0.00320057 0.012773 0.0208476 0.0533168 1 0.000808467 0.0679096
A_signal_KK -1.21826e-05 -2.78685e-05 -0.000242381 0.0305482 0.000808467 1 0.000157247
A_signal_pipi 1.04214e-05 0.000285995 0.000589188 0.00210236 0.0679096 0.000157247 1
