const double statCorrelations[49] = {
1, 0.0826924, 0.720959, -0.458456, 0.706803, -0.506901, -0.649758, 
0.0826924, 1, 0.103266, 0.00435007, 0.105017, -0.148231, -0.158464, 
0.720959, 0.103266, 1, -0.485818, 0.815031, -0.62694, -0.766984, 
-0.458456, 0.00435007, -0.485818, 1, -0.448357, 0.308995, 0.39114, 
0.706803, 0.105017, 0.815031, -0.448357, 1, -0.652373, -0.773123, 
-0.506901, -0.148231, -0.62694, 0.308995, -0.652373, 1, 0.720301, 
-0.649758, -0.158464, -0.766984, 0.39114, -0.773123, 0.720301, 1, };
