 A_signal_KK_run2 A_signal_pipi_run2 R_signal_KK_run2 R_signal_pipi_run2 A_signal_pipipipi_run2 R_signal_pipipipi_run2 R_signal_piK_run2_plus R_signal_piK_run2_minus R_signal_piKpipi_run2_plus R_signal_piKpipi_run2_minus A_signal_Kpi_run2 A_signal_Kpipipi_run2
A_signal_KK_run2 1 -0.815159 -0.722715 0.836047 0.0257329 0.279684 0.705981 0.797094 -0.757039 -0.751471 0.818999 0.780743
A_signal_pipi_run2 -0.815159 1 0.537106 -0.790707 0.235707 -0.234774 -0.675845 -0.775056 0.728947 0.679371 -0.599038 -0.475976
R_signal_KK_run2 -0.722715 0.537106 1 -0.557769 0.0773079 -0.167343 -0.369132 -0.505896 0.551796 0.511147 -0.532466 -0.524305
R_signal_pipi_run2 0.836047 -0.790707 -0.557769 1 -0.224273 0.246873 0.636395 0.778852 -0.733641 -0.659925 0.623507 0.528009
A_signal_pipipipi_run2 0.0257329 0.235707 0.0773079 -0.224273 1 -0.127059 -0.148481 -0.226872 0.245964 0.113967 0.127455 0.197196
R_signal_pipipipi_run2 0.279684 -0.234774 -0.167343 0.246873 -0.127059 1 0.165217 0.252037 -0.270527 -0.171591 0.148722 0.127939
R_signal_piK_run2_plus 0.705981 -0.675845 -0.369132 0.636395 -0.148481 0.165217 1 0.676077 -0.576684 -0.587481 0.447494 0.389939
R_signal_piK_run2_minus 0.797094 -0.775056 -0.505896 0.778852 -0.226872 0.252037 0.676077 1 -0.70519 -0.650551 0.547613 0.48412
R_signal_piKpipi_run2_plus -0.757039 0.728947 0.551796 -0.733641 0.245964 -0.270527 -0.576684 -0.70519 1 0.699412 -0.52687 -0.47656
R_signal_piKpipi_run2_minus -0.751471 0.679371 0.511147 -0.659925 0.113967 -0.171591 -0.587481 -0.650551 0.699412 1 -0.529098 -0.486299
A_signal_Kpi_run2 0.818999 -0.599038 -0.532466 0.623507 0.127455 0.148722 0.447494 0.547613 -0.52687 -0.529098 1 0.630493
A_signal_Kpipipi_run2 0.780743 -0.475976 -0.524305 0.528009 0.197196 0.127939 0.389939 0.48412 -0.47656 -0.486299 0.630493 1